0 0.2
1 0.2
2 0.3
3 0.4
4 0.3
5 0.4
6 0.4
7 0.3
8 0.5
9 0.4
10 0.2
11 0.6
12 0.7
13 0.5
14 0.5
15 0.8
16 0.9
17 1.1
18 1.0
19 0.6
20 0.7
21 0.8
22 1.2
23 1.1
24 0.7
25 0.8
26 1.1
27 1.0
28 1.0
29 0.8
30 0.6
31 0.5
32 0.4
33 0.3
34 -0.3
35 -0.4
36 -0.7
37 -0.8
38 -0.8
39 -0.8
40 -1.1
41 -1.0
42 -1.3
43 -1.4
44 -1.6
45 -1.7
46 -1.6
47 -1.7
48 -1.5
49 -1.5
50 -1.7
51 -1.2
52 -1.2
53 -1.1
54 -1.1
55 -1.0
56 -0.9
57 -0.8
58 -1.2
59 -1.3
60 -1.3
61 -1.0
62 -1.3
63 -1.4
64 -1.6
65 -1.7
66 -1.6
67 -1.7
68 -1.5
69 -1.5
70 -1.7
71 -1.2
72 -1.2
73 -1.1
74 -1.1
75 -1.0
76 -0.9
77 -0.8
78 -1.2
79 -1.3
80 0.6
81 0.7
82 0.6
83 0.9
84 0.8
85 0.7
86 0.7
87 0.8
88 0.8
89 0.9
90 1.0
91 1.1
92 1.0
93 1.1
94 1.2
95 1.0
96 1.1
97 1.0
98 1.0
99 0.8
100 0.9
101 1.1
102 1.2
103 1.1
104 1.3
105 1.1
106 1.2
107 1.1
108 1.1
109 1.0
110 1.1